266 | -10000, -10000, -20000 || 10000, 10000, 14 % x X 0
	148 | -10000, -10000, -20000 || 10000, 10000, 14 % y X 0
		79 | -10000, -10000, -20000 || 10000, 10000, 14 % z X 0
		79 | -10000, -10000, -20000 || 10000, 10000, 14 % x X 1
		79 | -10000, -10000, -20000 || 10000, 10000, 14 % y X 2
		71 | -10000, -10000, -20000 || 10000, 10000, 14 % z X 0
		71 | -10000, -10000, -20000 || 10000, 10000, 14 % x X 1
		71 | -10000, -10000, -20000 || 10000, 10000, 14 % y X 2
	130 | -10000, -10000, -20000 || 10000, 10000, 14 % y X 0
		69 | -10000, -10000, -20000 || 10000, 10000, 14 % z X 0
		69 | -10000, -10000, -20000 || 10000, 10000, 14 % x X 1
		69 | -10000, -10000, -20000 || 10000, 10000, 14 % y X 2
		66 | -10000, -10000, -20000 || 10000, 10000, 14 % z X 0
		66 | -10000, -10000, -20000 || 10000, 10000, 14 % x X 1
		66 | -10000, -10000, -20000 || 10000, 10000, 14 % y X 2
[WK] Worker created.
266 | -10000, -10000, -20000 || 10000, 10000, 14 % x X 0
	148 | -10000, -10000, -20000 || 10000, 10000, 14 % y X 0
		79 | -10000, -10000, -20000 || 10000, 10000, 14 % z X 0
		79 | -10000, -10000, -20000 || 10000, 10000, 14 % x X 1
		79 | -10000, -10000, -20000 || 10000, 10000, 14 % y X 2
		71 | -10000, -10000, -20000 || 10000, 10000, 14 % z X 0
		71 | -10000, -10000, -20000 || 10000, 10000, 14 % x X 1
		71 | -10000, -10000, -20000 || 10000, 10000, 14 % y X 2
	130 | -10000, -10000, -20000 || 10000, 10000, 14 % y X 0
		69 | -10000, -10000, -20000 || 10000, 10000, 14 % z X 0
		69 | -10000, -10000, -20000 || 10000, 10000, 14 % x X 1
		69 | -10000, -10000, -20000 || 10000, 10000, 14 % y X 2
		66 | -10000, -10000, -20000 || 10000, 10000, 14 % z X 0
		66 | -10000, -10000, -20000 || 10000, 10000, 14 % x X 1
		66 | -10000, -10000, -20000 || 10000, 10000, 14 % y X 2
[WK] Worker created.
266 | -10000, -10000, -20000 || 10000, 10000, 14 % x X 0
	148 | -10000, -10000, -20000 || 10000, 10000, 14 % y X 0
		79 | -10000, -10000, -20000 || 10000, 10000, 14 % z X 0
		79 | -10000, -10000, -20000 || 10000, 10000, 14 % x X 1
		79 | -10000, -10000, -20000 || 10000, 10000, 14 % y X 2
		71 | -10000, -10000, -20000 || 10000, 10000, 14 % z X 0
		71 | -10000, -10000, -20000 || 10000, 10000, 14 % x X 1
		71 | -10000, -10000, -20000 || 10000, 10000, 14 % y X 2
	130 | -10000, -10000, -20000 || 10000, 10000, 14 % y X 0
		69 | -10000, -10000, -20000 || 10000, 10000, 14 % z X 0
		69 | -10000, -10000, -20000 || 10000, 10000, 14 % x X 1
		69 | -10000, -10000, -20000 || 10000, 10000, 14 % y X 2
		66 | -10000, -10000, -20000 || 10000, 10000, 14 % z X 0
		66 | -10000, -10000, -20000 || 10000, 10000, 14 % x X 1
		66 | -10000, -10000, -20000 || 10000, 10000, 14 % y X 2
[WK] Worker created.
266 | -10000, -10000, -20000 || 10000, 10000, 14 % x X 0
	148 | -10000, -10000, -20000 || 10000, 10000, 14 % y X 0
		79 | -10000, -10000, -20000 || 10000, 10000, 14 % z X 0
		79 | -10000, -10000, -20000 || 10000, 10000, 14 % x X 1
		79 | -10000, -10000, -20000 || 10000, 10000, 14 % y X 2
		71 | -10000, -10000, -20000 || 10000, 10000, 14 % z X 0
		71 | -10000, -10000, -20000 || 10000, 10000, 14 % x X 1
		71 | -10000, -10000, -20000 || 10000, 10000, 14 % y X 2
	130 | -10000, -10000, -20000 || 10000, 10000, 14 % y X 0
		69 | -10000, -10000, -20000 || 10000, 10000, 14 % z X 0
		69 | -10000, -10000, -20000 || 10000, 10000, 14 % x X 1
		69 | -10000, -10000, -20000 || 10000, 10000, 14 % y X 2
		66 | -10000, -10000, -20000 || 10000, 10000, 14 % z X 0
		66 | -10000, -10000, -20000 || 10000, 10000, 14 % x X 1
		66 | -10000, -10000, -20000 || 10000, 10000, 14 % y X 2
[WK] Worker created.
266 | -10000, -10000, -20000 || 10000, 10000, 14 % x X 0
	148 | -10000, -10000, -20000 || 10000, 10000, 14 % y X 0
		79 | -10000, -10000, -20000 || 10000, 10000, 14 % z X 0
		79 | -10000, -10000, -20000 || 10000, 10000, 14 % x X 1
		79 | -10000, -10000, -20000 || 10000, 10000, 14 % y X 2
		71 | -10000, -10000, -20000 || 10000, 10000, 14 % z X 0
		71 | -10000, -10000, -20000 || 10000, 10000, 14 % x X 1
		71 | -10000, -10000, -20000 || 10000, 10000, 14 % y X 2
	130 | -10000, -10000, -20000 || 10000, 10000, 14 % y X 0
		69 | -10000, -10000, -20000 || 10000, 10000, 14 % z X 0
		69 | -10000, -10000, -20000 || 10000, 10000, 14 % x X 1
		69 | -10000, -10000, -20000 || 10000, 10000, 14 % y X 2
		66 | -10000, -10000, -20000 || 10000, 10000, 14 % z X 0
		66 | -10000, -10000, -20000 || 10000, 10000, 14 % x X 1
		66 | -10000, -10000, -20000 || 10000, 10000, 14 % y X 2
[WK] Worker created.
266 | -10000, -10000, -20000 || 10000, 10000, 14 % x X 0
	148 | -10000, -10000, -20000 || 10000, 10000, 14 % y X 0
		79 | -10000, -10000, -20000 || 10000, 10000, 14 % z X 0
		79 | -10000, -10000, -20000 || 10000, 10000, 14 % x X 1
		79 | -10000, -10000, -20000 || 10000, 10000, 14 % y X 2
		71 | -10000, -10000, -20000 || 10000, 10000, 14 % z X 0
		71 | -10000, -10000, -20000 || 10000, 10000, 14 % x X 1
		71 | -10000, -10000, -20000 || 10000, 10000, 14 % y X 2
	130 | -10000, -10000, -20000 || 10000, 10000, 14 % y X 0
		69 | -10000, -10000, -20000 || 10000, 10000, 14 % z X 0
		69 | -10000, -10000, -20000 || 10000, 10000, 14 % x X 1
		69 | -10000, -10000, -20000 || 10000, 10000, 14 % y X 2
		66 | -10000, -10000, -20000 || 10000, 10000, 14 % z X 0
		66 | -10000, -10000, -20000 || 10000, 10000, 14 % x X 1
		66 | -10000, -10000, -20000 || 10000, 10000, 14 % y X 2
[WK] Worker created.
266 | -10000, -10000, -20000 || 10000, 10000, 14 % x X 0
	148 | -10000, -10000, -20000 || 10000, 10000, 14 % y X 0
		79 | -10000, -10000, -20000 || 10000, 10000, 14 % z X 0
		79 | -10000, -10000, -20000 || 10000, 10000, 14 % x X 1
		79 | -10000, -10000, -20000 || 10000, 10000, 14 % y X 2
		71 | -10000, -10000, -20000 || 10000, 10000, 14 % z X 0
		71 | -10000, -10000, -20000 || 10000, 10000, 14 % x X 1
		71 | -10000, -10000, -20000 || 10000, 10000, 14 % y X 2
	130 | -10000, -10000, -20000 || 10000, 10000, 14 % y X 0
		69 | -10000, -10000, -20000 || 10000, 10000, 14 % z X 0
		69 | -10000, -10000, -20000 || 10000, 10000, 14 % x X 1
		69 | -10000, -10000, -20000 || 10000, 10000, 14 % y X 2
		66 | -10000, -10000, -20000 || 10000, 10000, 14 % z X 0
		66 | -10000, -10000, -20000 || 10000, 10000, 14 % x X 1
		66 | -10000, -10000, -20000 || 10000, 10000, 14 % y X 2
[WK] Worker created.
266 | -10000, -10000, -20000 || 10000, 10000, 14 % x X 0
	148 | -10000, -10000, -20000 || 10000, 10000, 14 % y X 0
		79 | -10000, -10000, -20000 || 10000, 10000, 14 % z X 0
		79 | -10000, -10000, -20000 || 10000, 10000, 14 % x X 1
		79 | -10000, -10000, -20000 || 10000, 10000, 14 % y X 2
		71 | -10000, -10000, -20000 || 10000, 10000, 14 % z X 0
		71 | -10000, -10000, -20000 || 10000, 10000, 14 % x X 1
		71 | -10000, -10000, -20000 || 10000, 10000, 14 % y X 2
	130 | -10000, -10000, -20000 || 10000, 10000, 14 % y X 0
		69 | -10000, -10000, -20000 || 10000, 10000, 14 % z X 0
		69 | -10000, -10000, -20000 || 10000, 10000, 14 % x X 1
		69 | -10000, -10000, -20000 || 10000, 10000, 14 % y X 2
		66 | -10000, -10000, -20000 || 10000, 10000, 14 % z X 0
		66 | -10000, -10000, -20000 || 10000, 10000, 14 % x X 1
		66 | -10000, -10000, -20000 || 10000, 10000, 14 % y X 2
[WK] Worker created.
[WK] Task processed.
[WK] Task processed.
[WK] Task processed.
[WK] Task processed.
[WK] Task processed.
[WK] Task processed.
[WK] Task processed.
[WK] Task processed.
